### '-lh'选项:以易读的方式列出文件

```
[@nmyjs_176_98 ~]# ls -lh
总用量 84K
-rw-------.  1 root root 4.3K 5月  15 19:26 anaconda-ks.cfg
-rwxr-xr-x   1 root root 9.2K 6月  28 14:26 a.out
-rw-r--r--.  1 root root   67 5月  15 19:26 boot_dev
drwxr-xr-x  15 root root 4.0K 11月  6 11:49 ClionProjects
drwxr-xr-x   2 root root 4.0K 9月  30 10:48 Desktop
drwx------   2 root root 4.0K 9月  28 19:47 Downloads
drwxr-xr-x   2 root root 4.0K 10月 27 19:35 MNIST_RAW_DATA
drwxr-xr-x   4 root root 4.0K 10月 27 17:39 models
-rw-r--r--   1 root root  324 6月  16 20:24 test_attribute.c
-rw-r--r--   1 root root   75 9月  28 19:31 test.cc
-rw-r--r--   1 root root 1.1K 6月  19 11:58 test_cpp_cv.cpp
-rw-r--r--   1 root root   94 6月  28 14:05 test_ctor.cc
-rw-r--r--   1 root root  187 9月   7 17:51 test_lambda.cc
-rw-r--r--   1 root root  776 11月  3 16:30 test.py
drwxr-xr-x   2 root root 4.0K 11月  6 17:06 TFS_MAKE
-rw-------   1 root root  12K 9月   1 18:44 xrdp-chansrv.log

```

### `-l`选项: 基本用法
```
[@nmyjs_176_98 ~]# ls -l
总用量 84
-rw-------.  1 root root  4320 5月  15 19:26 anaconda-ks.cfg
-rwxr-xr-x   1 root root  9321 6月  28 14:26 a.out
-rw-r--r--.  1 root root    67 5月  15 19:26 boot_dev
drwxr-xr-x  15 root root  4096 11月  6 11:49 ClionProjects
drwxr-xr-x   2 root root  4096 9月  30 10:48 Desktop
drwx------   2 root root  4096 9月  28 19:47 Downloads
drwxr-xr-x   2 root root  4096 10月 27 19:35 MNIST_RAW_DATA
drwxr-xr-x   4 root root  4096 10月 27 17:39 models
-rw-r--r--   1 root root   324 6月  16 20:24 test_attribute.c
-rw-r--r--   1 root root    75 9月  28 19:31 test.cc
-rw-r--r--   1 root root  1054 6月  19 11:58 test_cpp_cv.cpp
-rw-r--r--   1 root root    94 6月  28 14:05 test_ctor.cc
-rw-r--r--   1 root root   187 9月   7 17:51 test_lambda.cc
-rw-r--r--   1 root root   776 11月  3 16:30 test.py
drwxr-xr-x   2 root root  4096 11月  6 17:06 TFS_MAKE
-rw-------   1 root root 11288 9月   1 18:44 xrdp-chansrv.log

```

### `-a`选项: 列出所有文件,包含隐藏文件
```
[@nmyjs_176_98 ~]# ls -a
.                .cshrc         .lesshst          test.cc
..               Desktop        .local            test_cpp_cv.cpp
anaconda-ks.cfg  Downloads      MNIST_RAW_DATA    test_ctor.cc
a.out            .filezilla     models            test_lambda.cc
.atom            .freeipmi      .mozilla          test.py
.bash_history    .gitconfig     .nv               TFS_MAKE
.bash_logout     .Gogland1.0    .pcsc10           .themes
.bash_profile    .ICEauthority  .pcsc11           .viminfo
.bashrc          .icons         .pki              .vnc
boot_dev         .idc_init      .pycharm_helpers  .vscode
.cache           .init          .scala_history    xrdp-chansrv.log
.CLion2017.1     .ipython       .ssh              .yjp
.CLion2017.2     .java          .subversion
ClionProjects    .kde           .tcshrc
.config          .keras         test_attribute.c

```

### `-F`选项:以尾部以‘/’字符结尾的方式列出文件和目录

```
[@nmyjs_176_98 ~]# ls -F
anaconda-ks.cfg  Desktop/         test_attribute.c  test_lambda.cc
a.out*           Downloads/       test.cc           test.py
boot_dev         MNIST_RAW_DATA/  test_cpp_cv.cpp   TFS_MAKE/
ClionProjects/   models/          test_ctor.cc      xrdp-chansrv.log

```

### `-r`选项:倒序列出文件
```
[@nmyjs_176_98 ~]# ls -r
xrdp-chansrv.log  test_ctor.cc      models          ClionProjects
TFS_MAKE          test_cpp_cv.cpp   MNIST_RAW_DATA  boot_dev
test.py           test.cc           Downloads       a.out
test_lambda.cc    test_attribute.c  Desktop         anaconda-ks.cfg

```

### `-ltr`选项:以修改时间倒序列出
```
[@nmyjs_176_98 ~]# ls -ltr
总用量 84
-rw-r--r--.  1 root root    67 5月  15 19:26 boot_dev
-rw-------.  1 root root  4320 5月  15 19:26 anaconda-ks.cfg
-rw-r--r--   1 root root   324 6月  16 20:24 test_attribute.c
-rw-r--r--   1 root root  1054 6月  19 11:58 test_cpp_cv.cpp
-rw-r--r--   1 root root    94 6月  28 14:05 test_ctor.cc
-rwxr-xr-x   1 root root  9321 6月  28 14:26 a.out
-rw-------   1 root root 11288 9月   1 18:44 xrdp-chansrv.log
-rw-r--r--   1 root root   187 9月   7 17:51 test_lambda.cc
-rw-r--r--   1 root root    75 9月  28 19:31 test.cc
drwx------   2 root root  4096 9月  28 19:47 Downloads
drwxr-xr-x   2 root root  4096 9月  30 10:48 Desktop
drwxr-xr-x   4 root root  4096 10月 27 17:39 models
drwxr-xr-x   2 root root  4096 10月 27 19:35 MNIST_RAW_DATA
-rw-r--r--   1 root root   776 11月  3 16:30 test.py
drwxr-xr-x  15 root root  4096 11月  6 11:49 ClionProjects
drwxr-xr-x   2 root root  4096 11月  6 17:06 TFS_MAKE
```

### `-lS`选项: 按文件大小排序
```
[@nmyjs_176_98 ~]# ls -lS
总用量 84
-rw-------   1 root root 11288 9月   1 18:44 xrdp-chansrv.log
-rwxr-xr-x   1 root root  9321 6月  28 14:26 a.out
-rw-------.  1 root root  4320 5月  15 19:26 anaconda-ks.cfg
drwxr-xr-x  15 root root  4096 11月  6 11:49 ClionProjects
drwxr-xr-x   2 root root  4096 9月  30 10:48 Desktop
drwx------   2 root root  4096 9月  28 19:47 Downloads
drwxr-xr-x   2 root root  4096 10月 27 19:35 MNIST_RAW_DATA
drwxr-xr-x   4 root root  4096 10月 27 17:39 models
drwxr-xr-x   2 root root  4096 11月  6 17:06 TFS_MAKE
-rw-r--r--   1 root root  1054 6月  19 11:58 test_cpp_cv.cpp
-rw-r--r--   1 root root   776 11月  3 16:30 test.py
-rw-r--r--   1 root root   324 6月  16 20:24 test_attribute.c
-rw-r--r--   1 root root   187 9月   7 17:51 test_lambda.cc
-rw-r--r--   1 root root    94 6月  28 14:05 test_ctor.cc
-rw-r--r--   1 root root    75 9月  28 19:31 test.cc
-rw-r--r--.  1 root root    67 5月  15 19:26 boot_dev

```


### `-i`选项:显示文件或目录的索引节点号
```
[@nmyjs_176_98 ~]# ls -i
524305 anaconda-ks.cfg     428 MNIST_RAW_DATA    548510 test_lambda.cc
537598 a.out               145 models            524889 test.py
524306 boot_dev         545396 test_attribute.c     150 TFS_MAKE
552549 ClionProjects    570169 test.cc           547448 xrdp-chansrv.log
 15047 Desktop          545397 test_cpp_cv.cpp
 15110 Downloads        545808 test_ctor.cc

```

